{
 "cells": [
  {
   "cell_type": "code",
   "execution_count": 1,
   "metadata": {},
   "outputs": [],
   "source": [
    "from sklearn.datasets import load_boston"
   ]
  },
  {
   "cell_type": "code",
   "execution_count": 2,
   "metadata": {},
   "outputs": [],
   "source": [
    "boston = load_boston()"
   ]
  },
  {
   "cell_type": "code",
   "execution_count": 3,
   "metadata": {},
   "outputs": [],
   "source": [
    "import pandas as pd"
   ]
  },
  {
   "cell_type": "code",
   "execution_count": 4,
   "metadata": {},
   "outputs": [],
   "source": [
    "data = pd.DataFrame(boston.data, columns=boston.feature_names)"
   ]
  },
  {
   "cell_type": "code",
   "execution_count": 6,
   "metadata": {},
   "outputs": [],
   "source": [
    "data['MEDV'] = pd.DataFrame(boston.target)"
   ]
  },
  {
   "cell_type": "code",
   "execution_count": 7,
   "metadata": {},
   "outputs": [
    {
     "data": {
      "text/html": [
       "<div>\n",
       "<style scoped>\n",
       "    .dataframe tbody tr th:only-of-type {\n",
       "        vertical-align: middle;\n",
       "    }\n",
       "\n",
       "    .dataframe tbody tr th {\n",
       "        vertical-align: top;\n",
       "    }\n",
       "\n",
       "    .dataframe thead th {\n",
       "        text-align: right;\n",
       "    }\n",
       "</style>\n",
       "<table border=\"1\" class=\"dataframe\">\n",
       "  <thead>\n",
       "    <tr style=\"text-align: right;\">\n",
       "      <th></th>\n",
       "      <th>CRIM</th>\n",
       "      <th>ZN</th>\n",
       "      <th>INDUS</th>\n",
       "      <th>CHAS</th>\n",
       "      <th>NOX</th>\n",
       "      <th>RM</th>\n",
       "      <th>AGE</th>\n",
       "      <th>DIS</th>\n",
       "      <th>RAD</th>\n",
       "      <th>TAX</th>\n",
       "      <th>PTRATIO</th>\n",
       "      <th>B</th>\n",
       "      <th>LSTAT</th>\n",
       "      <th>MEDV</th>\n",
       "    </tr>\n",
       "  </thead>\n",
       "  <tbody>\n",
       "    <tr>\n",
       "      <th>CRIM</th>\n",
       "      <td>1.00</td>\n",
       "      <td>-0.20</td>\n",
       "      <td>0.41</td>\n",
       "      <td>-0.06</td>\n",
       "      <td>0.42</td>\n",
       "      <td>-0.22</td>\n",
       "      <td>0.35</td>\n",
       "      <td>-0.38</td>\n",
       "      <td>0.63</td>\n",
       "      <td>0.58</td>\n",
       "      <td>0.29</td>\n",
       "      <td>-0.39</td>\n",
       "      <td>0.46</td>\n",
       "      <td>-0.39</td>\n",
       "    </tr>\n",
       "    <tr>\n",
       "      <th>ZN</th>\n",
       "      <td>-0.20</td>\n",
       "      <td>1.00</td>\n",
       "      <td>-0.53</td>\n",
       "      <td>-0.04</td>\n",
       "      <td>-0.52</td>\n",
       "      <td>0.31</td>\n",
       "      <td>-0.57</td>\n",
       "      <td>0.66</td>\n",
       "      <td>-0.31</td>\n",
       "      <td>-0.31</td>\n",
       "      <td>-0.39</td>\n",
       "      <td>0.18</td>\n",
       "      <td>-0.41</td>\n",
       "      <td>0.36</td>\n",
       "    </tr>\n",
       "    <tr>\n",
       "      <th>INDUS</th>\n",
       "      <td>0.41</td>\n",
       "      <td>-0.53</td>\n",
       "      <td>1.00</td>\n",
       "      <td>0.06</td>\n",
       "      <td>0.76</td>\n",
       "      <td>-0.39</td>\n",
       "      <td>0.64</td>\n",
       "      <td>-0.71</td>\n",
       "      <td>0.60</td>\n",
       "      <td>0.72</td>\n",
       "      <td>0.38</td>\n",
       "      <td>-0.36</td>\n",
       "      <td>0.60</td>\n",
       "      <td>-0.48</td>\n",
       "    </tr>\n",
       "    <tr>\n",
       "      <th>CHAS</th>\n",
       "      <td>-0.06</td>\n",
       "      <td>-0.04</td>\n",
       "      <td>0.06</td>\n",
       "      <td>1.00</td>\n",
       "      <td>0.09</td>\n",
       "      <td>0.09</td>\n",
       "      <td>0.09</td>\n",
       "      <td>-0.10</td>\n",
       "      <td>-0.01</td>\n",
       "      <td>-0.04</td>\n",
       "      <td>-0.12</td>\n",
       "      <td>0.05</td>\n",
       "      <td>-0.05</td>\n",
       "      <td>0.18</td>\n",
       "    </tr>\n",
       "    <tr>\n",
       "      <th>NOX</th>\n",
       "      <td>0.42</td>\n",
       "      <td>-0.52</td>\n",
       "      <td>0.76</td>\n",
       "      <td>0.09</td>\n",
       "      <td>1.00</td>\n",
       "      <td>-0.30</td>\n",
       "      <td>0.73</td>\n",
       "      <td>-0.77</td>\n",
       "      <td>0.61</td>\n",
       "      <td>0.67</td>\n",
       "      <td>0.19</td>\n",
       "      <td>-0.38</td>\n",
       "      <td>0.59</td>\n",
       "      <td>-0.43</td>\n",
       "    </tr>\n",
       "    <tr>\n",
       "      <th>RM</th>\n",
       "      <td>-0.22</td>\n",
       "      <td>0.31</td>\n",
       "      <td>-0.39</td>\n",
       "      <td>0.09</td>\n",
       "      <td>-0.30</td>\n",
       "      <td>1.00</td>\n",
       "      <td>-0.24</td>\n",
       "      <td>0.21</td>\n",
       "      <td>-0.21</td>\n",
       "      <td>-0.29</td>\n",
       "      <td>-0.36</td>\n",
       "      <td>0.13</td>\n",
       "      <td>-0.61</td>\n",
       "      <td>0.70</td>\n",
       "    </tr>\n",
       "    <tr>\n",
       "      <th>AGE</th>\n",
       "      <td>0.35</td>\n",
       "      <td>-0.57</td>\n",
       "      <td>0.64</td>\n",
       "      <td>0.09</td>\n",
       "      <td>0.73</td>\n",
       "      <td>-0.24</td>\n",
       "      <td>1.00</td>\n",
       "      <td>-0.75</td>\n",
       "      <td>0.46</td>\n",
       "      <td>0.51</td>\n",
       "      <td>0.26</td>\n",
       "      <td>-0.27</td>\n",
       "      <td>0.60</td>\n",
       "      <td>-0.38</td>\n",
       "    </tr>\n",
       "    <tr>\n",
       "      <th>DIS</th>\n",
       "      <td>-0.38</td>\n",
       "      <td>0.66</td>\n",
       "      <td>-0.71</td>\n",
       "      <td>-0.10</td>\n",
       "      <td>-0.77</td>\n",
       "      <td>0.21</td>\n",
       "      <td>-0.75</td>\n",
       "      <td>1.00</td>\n",
       "      <td>-0.49</td>\n",
       "      <td>-0.53</td>\n",
       "      <td>-0.23</td>\n",
       "      <td>0.29</td>\n",
       "      <td>-0.50</td>\n",
       "      <td>0.25</td>\n",
       "    </tr>\n",
       "    <tr>\n",
       "      <th>RAD</th>\n",
       "      <td>0.63</td>\n",
       "      <td>-0.31</td>\n",
       "      <td>0.60</td>\n",
       "      <td>-0.01</td>\n",
       "      <td>0.61</td>\n",
       "      <td>-0.21</td>\n",
       "      <td>0.46</td>\n",
       "      <td>-0.49</td>\n",
       "      <td>1.00</td>\n",
       "      <td>0.91</td>\n",
       "      <td>0.46</td>\n",
       "      <td>-0.44</td>\n",
       "      <td>0.49</td>\n",
       "      <td>-0.38</td>\n",
       "    </tr>\n",
       "    <tr>\n",
       "      <th>TAX</th>\n",
       "      <td>0.58</td>\n",
       "      <td>-0.31</td>\n",
       "      <td>0.72</td>\n",
       "      <td>-0.04</td>\n",
       "      <td>0.67</td>\n",
       "      <td>-0.29</td>\n",
       "      <td>0.51</td>\n",
       "      <td>-0.53</td>\n",
       "      <td>0.91</td>\n",
       "      <td>1.00</td>\n",
       "      <td>0.46</td>\n",
       "      <td>-0.44</td>\n",
       "      <td>0.54</td>\n",
       "      <td>-0.47</td>\n",
       "    </tr>\n",
       "    <tr>\n",
       "      <th>PTRATIO</th>\n",
       "      <td>0.29</td>\n",
       "      <td>-0.39</td>\n",
       "      <td>0.38</td>\n",
       "      <td>-0.12</td>\n",
       "      <td>0.19</td>\n",
       "      <td>-0.36</td>\n",
       "      <td>0.26</td>\n",
       "      <td>-0.23</td>\n",
       "      <td>0.46</td>\n",
       "      <td>0.46</td>\n",
       "      <td>1.00</td>\n",
       "      <td>-0.18</td>\n",
       "      <td>0.37</td>\n",
       "      <td>-0.51</td>\n",
       "    </tr>\n",
       "    <tr>\n",
       "      <th>B</th>\n",
       "      <td>-0.39</td>\n",
       "      <td>0.18</td>\n",
       "      <td>-0.36</td>\n",
       "      <td>0.05</td>\n",
       "      <td>-0.38</td>\n",
       "      <td>0.13</td>\n",
       "      <td>-0.27</td>\n",
       "      <td>0.29</td>\n",
       "      <td>-0.44</td>\n",
       "      <td>-0.44</td>\n",
       "      <td>-0.18</td>\n",
       "      <td>1.00</td>\n",
       "      <td>-0.37</td>\n",
       "      <td>0.33</td>\n",
       "    </tr>\n",
       "    <tr>\n",
       "      <th>LSTAT</th>\n",
       "      <td>0.46</td>\n",
       "      <td>-0.41</td>\n",
       "      <td>0.60</td>\n",
       "      <td>-0.05</td>\n",
       "      <td>0.59</td>\n",
       "      <td>-0.61</td>\n",
       "      <td>0.60</td>\n",
       "      <td>-0.50</td>\n",
       "      <td>0.49</td>\n",
       "      <td>0.54</td>\n",
       "      <td>0.37</td>\n",
       "      <td>-0.37</td>\n",
       "      <td>1.00</td>\n",
       "      <td>-0.74</td>\n",
       "    </tr>\n",
       "    <tr>\n",
       "      <th>MEDV</th>\n",
       "      <td>-0.39</td>\n",
       "      <td>0.36</td>\n",
       "      <td>-0.48</td>\n",
       "      <td>0.18</td>\n",
       "      <td>-0.43</td>\n",
       "      <td>0.70</td>\n",
       "      <td>-0.38</td>\n",
       "      <td>0.25</td>\n",
       "      <td>-0.38</td>\n",
       "      <td>-0.47</td>\n",
       "      <td>-0.51</td>\n",
       "      <td>0.33</td>\n",
       "      <td>-0.74</td>\n",
       "      <td>1.00</td>\n",
       "    </tr>\n",
       "  </tbody>\n",
       "</table>\n",
       "</div>"
      ],
      "text/plain": [
       "         CRIM    ZN  INDUS  CHAS   NOX    RM   AGE   DIS   RAD   TAX  PTRATIO  \\\n",
       "CRIM     1.00 -0.20   0.41 -0.06  0.42 -0.22  0.35 -0.38  0.63  0.58     0.29   \n",
       "ZN      -0.20  1.00  -0.53 -0.04 -0.52  0.31 -0.57  0.66 -0.31 -0.31    -0.39   \n",
       "INDUS    0.41 -0.53   1.00  0.06  0.76 -0.39  0.64 -0.71  0.60  0.72     0.38   \n",
       "CHAS    -0.06 -0.04   0.06  1.00  0.09  0.09  0.09 -0.10 -0.01 -0.04    -0.12   \n",
       "NOX      0.42 -0.52   0.76  0.09  1.00 -0.30  0.73 -0.77  0.61  0.67     0.19   \n",
       "RM      -0.22  0.31  -0.39  0.09 -0.30  1.00 -0.24  0.21 -0.21 -0.29    -0.36   \n",
       "AGE      0.35 -0.57   0.64  0.09  0.73 -0.24  1.00 -0.75  0.46  0.51     0.26   \n",
       "DIS     -0.38  0.66  -0.71 -0.10 -0.77  0.21 -0.75  1.00 -0.49 -0.53    -0.23   \n",
       "RAD      0.63 -0.31   0.60 -0.01  0.61 -0.21  0.46 -0.49  1.00  0.91     0.46   \n",
       "TAX      0.58 -0.31   0.72 -0.04  0.67 -0.29  0.51 -0.53  0.91  1.00     0.46   \n",
       "PTRATIO  0.29 -0.39   0.38 -0.12  0.19 -0.36  0.26 -0.23  0.46  0.46     1.00   \n",
       "B       -0.39  0.18  -0.36  0.05 -0.38  0.13 -0.27  0.29 -0.44 -0.44    -0.18   \n",
       "LSTAT    0.46 -0.41   0.60 -0.05  0.59 -0.61  0.60 -0.50  0.49  0.54     0.37   \n",
       "MEDV    -0.39  0.36  -0.48  0.18 -0.43  0.70 -0.38  0.25 -0.38 -0.47    -0.51   \n",
       "\n",
       "            B  LSTAT  MEDV  \n",
       "CRIM    -0.39   0.46 -0.39  \n",
       "ZN       0.18  -0.41  0.36  \n",
       "INDUS   -0.36   0.60 -0.48  \n",
       "CHAS     0.05  -0.05  0.18  \n",
       "NOX     -0.38   0.59 -0.43  \n",
       "RM       0.13  -0.61  0.70  \n",
       "AGE     -0.27   0.60 -0.38  \n",
       "DIS      0.29  -0.50  0.25  \n",
       "RAD     -0.44   0.49 -0.38  \n",
       "TAX     -0.44   0.54 -0.47  \n",
       "PTRATIO -0.18   0.37 -0.51  \n",
       "B        1.00  -0.37  0.33  \n",
       "LSTAT   -0.37   1.00 -0.74  \n",
       "MEDV     0.33  -0.74  1.00  "
      ]
     },
     "execution_count": 7,
     "metadata": {},
     "output_type": "execute_result"
    }
   ],
   "source": [
    "pd.DataFrame(data.corr().round(2))"
   ]
  },
  {
   "cell_type": "code",
   "execution_count": 8,
   "metadata": {},
   "outputs": [],
   "source": [
    "x = data[['RM','ZN']]\n",
    "y = data['MEDV']"
   ]
  },
  {
   "cell_type": "code",
   "execution_count": 10,
   "metadata": {},
   "outputs": [],
   "source": [
    "from sklearn.model_selection import train_test_split"
   ]
  },
  {
   "cell_type": "code",
   "execution_count": 11,
   "metadata": {},
   "outputs": [],
   "source": [
    "x_train_1, x_test_1, y_train_1, y_test_1 = train_test_split(x, y, test_size=0.2)"
   ]
  },
  {
   "cell_type": "code",
   "execution_count": 12,
   "metadata": {},
   "outputs": [],
   "source": [
    "from sklearn.linear_model import LinearRegression"
   ]
  },
  {
   "cell_type": "code",
   "execution_count": 13,
   "metadata": {},
   "outputs": [],
   "source": [
    "mlr = LinearRegression()"
   ]
  },
  {
   "cell_type": "code",
   "execution_count": 14,
   "metadata": {},
   "outputs": [
    {
     "data": {
      "text/plain": [
       "LinearRegression(copy_X=True, fit_intercept=True, n_jobs=None, normalize=False)"
      ]
     },
     "execution_count": 14,
     "metadata": {},
     "output_type": "execute_result"
    }
   ],
   "source": [
    "mlr.fit(x_train_1, y_train_1)"
   ]
  },
  {
   "cell_type": "code",
   "execution_count": 15,
   "metadata": {},
   "outputs": [],
   "source": [
    "yTestPredict = mlr.predict(x_test_1)"
   ]
  },
  {
   "cell_type": "code",
   "execution_count": 18,
   "metadata": {},
   "outputs": [],
   "source": [
    "import numpy as np"
   ]
  },
  {
   "cell_type": "code",
   "execution_count": 16,
   "metadata": {},
   "outputs": [],
   "source": [
    "from sklearn.metrics import mean_squared_error"
   ]
  },
  {
   "cell_type": "code",
   "execution_count": 19,
   "metadata": {},
   "outputs": [
    {
     "data": {
      "text/plain": [
       "6.680846883418705"
      ]
     },
     "execution_count": 19,
     "metadata": {},
     "output_type": "execute_result"
    }
   ],
   "source": [
    "np.sqrt(mean_squared_error(y_test_1, yTestPredict))"
   ]
  },
  {
   "cell_type": "code",
   "execution_count": 24,
   "metadata": {},
   "outputs": [],
   "source": [
    "x2 = data[['RM', 'ZN', 'LSTAT']]"
   ]
  },
  {
   "cell_type": "code",
   "execution_count": 25,
   "metadata": {},
   "outputs": [],
   "source": [
    "mlr2  = LinearRegression()"
   ]
  },
  {
   "cell_type": "code",
   "execution_count": 26,
   "metadata": {},
   "outputs": [],
   "source": [
    "x_train_1, x_test_1, y_train_1, y_test_1 = train_test_split(x2, y, test_size=0.2)"
   ]
  },
  {
   "cell_type": "code",
   "execution_count": 27,
   "metadata": {},
   "outputs": [
    {
     "data": {
      "text/plain": [
       "LinearRegression(copy_X=True, fit_intercept=True, n_jobs=None, normalize=False)"
      ]
     },
     "execution_count": 27,
     "metadata": {},
     "output_type": "execute_result"
    }
   ],
   "source": [
    "mlr2.fit(x_train_1, y_train_1)"
   ]
  },
  {
   "cell_type": "code",
   "execution_count": 28,
   "metadata": {},
   "outputs": [],
   "source": [
    "yTestPredict = mlr2.predict(x_test_1)"
   ]
  },
  {
   "cell_type": "code",
   "execution_count": 29,
   "metadata": {},
   "outputs": [
    {
     "data": {
      "text/plain": [
       "4.998119736087297"
      ]
     },
     "execution_count": 29,
     "metadata": {},
     "output_type": "execute_result"
    }
   ],
   "source": [
    "np.sqrt(mean_squared_error(y_test_1, yTestPredict))"
   ]
  }
 ],
 "metadata": {
  "kernelspec": {
   "display_name": "Python 3",
   "language": "python",
   "name": "python3"
  },
  "language_info": {
   "codemirror_mode": {
    "name": "ipython",
    "version": 3
   },
   "file_extension": ".py",
   "mimetype": "text/x-python",
   "name": "python",
   "nbconvert_exporter": "python",
   "pygments_lexer": "ipython3",
   "version": "3.9.2"
  }
 },
 "nbformat": 4,
 "nbformat_minor": 4
}
